81189663
81189664
81189665
81189666
81189667
81189668
81189669
81189670
81189671
81189672
81189673
81189674
81189675
81189676
81189677
81189678
81189679
81189680
81189681
81189682
81189768
81189769
81189770
81189771
81189772
81189773
81189774
81189775
81189776
81189777
81189778
81189779
81189780
81189781
81189873
81189874
81189875
81189876
81189877
81189878
81189879
81189880
81189881
81189882
81189883
81951124837
81189978
81189979
81189980
81189981
81189982
81189983
81189984
81189985
81189986
81189987
81189988
81189989
81189990
81189991
81189992
81189993
81189994
81189995
81189996
81189997
81190084
81190085
81190086
81190087
81190088
81190089
81190090
81190091
81190092
81190093
81190094
81190095
81190096
81190189
81190190
81190191
81190192
81190193
81190194
81190195
81190196
81190197
81190198
81190199
81190200
81190296
81951060159
81951124837
81951194272
81951194273
81951194274
81951194275
81951194276