56607660
149206277
261523365
65746995
5338473
413341456
394402206
88366112
78292959
99256844
66418230
75324133
6405820
278115129
332450381
11175193
390665799
382909000
385216307
94384762
370193593
4421572
314153271
5639681
2539633
5296931
44823583
376220729
272884885
33426418
1436760
313843770
191058063
398424425
398849916
331200656
306353372
383854294
3410879
171988337
407814644
78957322
335081584
229118712
76222608
34000821
18488506
412568106
348890465
68833505
78041601
75537056
184236890
378351561
87125938
22476817
375573002
121102125
446236795
82748332
620825
20319073
3536619
35030491
290189752
7322412
369761094
328727588
290267889
24915203
182057898
119443563
289941120
403562749
172269782
365558767
19421279
13923833
84610438
343862029
77688594
3556297
47463233
76273828
117175933
21565791
13642295
419766074
419493452
365065762
43501000
116020742
438874598
15608472
84821774
44227019
420430880
23664536
276476197
420694227
86927074
110167877
181824237
7143492
13127284
409325047
380118546
86468133
15186551
80902630
22502005
5621307
24159018
229899208
59877637
271626310
232619158
58587452
3446535
275388249
406279570
5624787
407886535
164355858
251913665
251729229
78358633
305818148
403175032
11362870
379405479
365469012
261696266
278846132
286901361
254020580
75047897
369944656
351818925
16536642
276879619
380403475
8669764
117097566
6850365
421165861
312858003
65030266
329928868
182540838
250710549
16219828
18730074
93415988
125745335
8718403